A  129         809       -906      63473        1014357532275
A  139         811       -907      63471        1014612884537
A  141         809       -905      63474        1014867986525
A  145         808       -904      63472        1015123338462
A  151         809       -905      63473        1015378440475
A  160         812       -905      63473        1015633542475
A  162         809       -905      63472        1015888894575
A  166         810       -904      63470        1016143996575
A  173         808       -903      63472        1016399098575
A  181         810       -902      63472        1016654450675
A  183         807       -906      63468        1016909552675
A  187         811       -906      63470        1017164654662
A  196         806       -907      63470        1017420006950
A  202         805       -907      63475        1017675108937
A  204         814       -906      63470        1017930210925
A  208         808       -904      63474        1018185562875
A  220         803       -908      63472        1018440664875
A  224         812       -905      63472        1018695766875
A  226         809       -902      63473        1018951118975
A  230         809       -901      63471        1019206220975
A  242         809       -905      63475        1019461322975
A  245         807       -908      63476        1019716424975
A  247         809       -906      63475        1019971777075
A  251         808       -908      63475        1020226879075
A    7         808       -908      63476        1020481981075
A   10         807       -908      63473        1020737333325
A   12         809       -908      63474        1020992435325
A   16         810       -909      63478        1021247537325
A   28         807       -908      63473        1021502889275
A   31         808       -908      63472        1021757991275
A   34         808       -907      63473        1022013343387
A   37         799       -907      63472        1022268445387
A   50         815       -910      63477        1022523547375
A   52         811       -912      63475        1022778899475
A   56         808       -912      63472        1023033001475
A   58         809       -914      63472        1023289103475
A   71         808       -914      63474        1023544455725
A   73         808       -914      63473        1023799557725
A   78         808       -914      63472        1024054659725
A   80         807       -915      63473        1024310011675
A   93         808       -915      63472        1024565113675
A   95         810       -913      63475        1024820215675
M   98        1784        -53       2229        1160542052937
M  166        1783        -56       2232        1166230935862
M   31        1784        -56       2232        1171919926737
M  153        1785        -51       2229        1177608802250
M   12        1784        -51       2229        1183297885612
M  133        1784        -51       2228        1188986776400
G  118         -15        -32        -24        1076966953275
G  124         -15        -32        -23        1077223056475
G  136         -15        -32        -24        1077479158075
G  139         -15        -32        -23        1077735260475
G  141         -15        -32        -23        1077991362775
G  145         -15        -32        -23        1078247465375
G  157         -15        -32        -24        1078503567575
G  160         -15        -32        -24        1078759669975
G  163         -15        -32        -24        1079015772375
G  166         -15        -32        -24        1079271874875
G  178         -15        -32        -24        1079527977175
G  181         -15        -32        -24        1079784079675
G  184         -14        -32        -23        1080040182075
G  187         -15        -32        -23        1080296284375
G  199         -15        -32        -24        1080552386975
G  202         -14        -32        -23        1080808489275
G  206         -15        -32        -24        1081064591775
G  209         -15        -32        -23        1081320693975
G  221         -15        -32        -24        1081576796475
G  224         -15        -32        -24        1081832898775
G  227         -15        -32        -23        1082088001175
G  231         -15        -32        -24        1082345103575
G  243         -15        -32        -24        1082601206062
G  245         -15        -32        -23        1082857308375
G  249         -15        -32        -24        1083113410775
G  254         -15        -32        -23        1083369513175
G    8         -15        -32        -24        1083625615575
G   10         -15        -32        -23        1083881718075
G   14         -15        -32        -23        1084137820475
G   21         -15        -32        -24        1084393922775
G   29         -15        -32        -24        1084650026975
G   31         -15        -32        -23        1084906127562
G   35         -14        -32        -24        1085162230075
G   44         -15        -32        -23        1085418332462
G   50         -15        -32        -23        1085674434775
G   52         -15        -32        -23        1085930537175
G   56         -15        -32        -24        1086186639675
G   67         -15        -32        -23        1086442742175
G   72         -15        -32        -23        1086698844375
G   74         -15        -32        -24        1086954946875
